156 77 550 296
125 65 541 400
75 37 384 264
105 88 580 555
331 38 721 399
19 21 191 174
97 39 263 189
186 65 375 288
85 66 263 192
25 102 432 435
76 3 370 220
108 155 588 580
58 50 524 350
292 30 944 611
97 51 689 408
102 102 520 649
183 127 552 340
20 51 542 852
345 115 749 562
119 97 698 430
123 161 557 423
94 80 510 429
101 31 235 170
337 65 749 535
208 126 751 546
82 66 519 327
11 47 352 271
109 45 353 285
111 139 455 287
196 127 462 302
132 31 527 291
140 72 470 280
